#' @rdname available_datasets
#' @export
available_datasets <- c(
  "2021-22",
  "2022-23",
  "2023-24"
)
